LabVIEW Measurement	
Writer_Version	2
Reader_Version	2
Separator	Tab
Decimal_Separator	.
Multi_Headings	No
X_Columns	No
Time_Pref	Absolute
Operator	mechlab
Description	Data file
Date	2024/02/09
Time	16:28:02.1909999847412109375
***End_of_Header***	
	
Channels	6						
Samples	1	1	1	1	1	1	
Date	2024/02/09	2024/02/09	2024/02/09	2024/02/09	2024/02/09	2024/02/09	
Time	16:28:02.1909999847412109375	16:28:02.3000001907348632812	16:28:02.4079999923706054688	16:28:02.5149998664855957031	16:28:02.625	16:28:02.7319998741149902344	
X_Dimension	Time	Time	Time	Time	Time	Time	
X0	0.0000000000000000E+0	0.0000000000000000E+0	0.0000000000000000E+0	0.0000000000000000E+0	0.0000000000000000E+0	0.0000000000000000E+0	
Delta_X	1.000000	1.000000	1.000000	1.000000	1.000000	1.000000	
***End_of_Header***							
X_Value	Untitled	Untitled 1	Untitled 2	Untitled 3	Untitled 4	Untitled 5	Comment
	0.000000	83.421616	-39.067063	21.526527	-0.010227	0.010336
	0.547000	91.166384	-39.062490	21.525470	-0.010225	0.010336
	1.094000	88.678720	-39.071472	21.524087	-0.010226	0.010336
	1.635000	87.711026	-39.061872	21.526121	-0.010226	0.010335
	2.175000	83.184926	-39.063460	21.526778	-0.010226	0.010335
	2.729000	82.234944	-39.060832	21.526913	-0.010225	0.010335
	3.274000	81.993423	-39.057273	21.526032	-0.010225	0.010334
	3.822000	81.143270	-39.061128	21.521728	-0.010225	0.010334
	4.362000	85.200820	-39.059196	21.523702	-0.010225	0.010334
	4.906000	88.971765	-39.069275	21.518563	-0.010226	0.010334
	5.449000	83.973894	-39.061247	21.521550	-0.010225	0.010335
	5.992000	85.745047	-39.061730	21.520997	-0.010226	0.010337
	6.532000	78.027651	-39.071092	21.518284	-0.010226	0.010336
	7.077000	86.833500	-39.060883	21.524007	-0.010226	0.010336
	7.617000	86.519523	-39.065050	21.521891	-0.010227	0.010336
	8.158000	85.857756	-39.071349	21.523925	-0.010227	0.010336
	8.705000	76.634881	-39.049557	21.522867	-0.010228	0.010335
	9.247000	75.523885	-39.066532	21.520136	-0.010228	0.010337
	9.789000	85.083280	-39.064042	21.521942	-0.010228	0.010336
	10.337000	89.622261	-39.064967	21.525767	-0.010228	0.010335
